0.100 0.00003500 0.00000500
0.120 0.00004000 0.00000921
0.140 0.00004500 0.00000833
0.160 0.00005500 0.00001124
0.180 0.00007000 0.00000698
0.200 0.00007500 0.00000500
0.220 0.00008000 0.00001366
0.240 0.00010500 0.00000797
0.260 0.00009000 0.00001000
0.280 0.00012000 0.00001759
0.300 0.00013500 0.00001000
0.320 0.00013500 0.00000491
0.340 0.00016500 0.00001628
0.360 0.00017500 0.00000630
0.380 0.00020000 0.00001385
0.400 0.00021500 0.00000635
0.420 0.00015500 0.00000864
0.440 0.00015000 0.00000490
0.460 0.00008000 0.00000289
0.480 0.00017000 0.00001219
0.500 0.00015500 0.00000484
