0.100 0.00004500 0.00001119
0.120 0.00004000 0.00000786
0.140 0.00005000 0.00000827
0.160 0.00005500 0.00001035
0.180 0.00007000 0.00001064
0.200 0.00008000 0.00001607
0.220 0.00007500 0.00000630
0.240 0.00009500 0.00001351
0.260 0.00009500 0.00000854
0.280 0.00011000 0.00001566
0.300 0.00012000 0.00001329
0.320 0.00014000 0.00000816
0.340 0.00015500 0.00001380
0.360 0.00017000 0.00000866
0.380 0.00019500 0.00001145
0.400 0.00019500 0.00000680
0.420 0.00019000 0.00000500
0.440 0.00013000 0.00000533
0.460 0.00014500 0.00000500
0.480 0.00014500 0.00000467
0.500 0.00015000 0.00000500
