0.100 0.00000500 0.00000350
0.120 0.00000500 0.00000321
0.140 0.00003000 0.00000407
0.160 0.00003000 0.00000745
0.180 0.00003500 0.00000488
0.200 0.00004000 0.00001076
0.220 0.00006000 0.00000481
0.240 0.00007500 0.00000500
0.260 0.00008000 0.00000505
0.280 0.00008000 0.00000686
0.300 0.00008500 0.00001144
0.320 0.00008500 0.00000537
0.340 0.00010000 0.00001000
0.360 0.00010500 0.00000891
0.380 0.00012000 0.00001185
0.400 0.00013000 0.00001000
0.420 0.00014500 0.00000500
0.440 0.00012000 0.00000450
0.460 0.00012000 0.00000500
0.480 0.00014500 0.00000464
0.500 0.00017000 0.00001560
